TIMESTAMP,TRACK_ID,OBJECT_TYPE,X,Y,CITY_NAME
315979938.6621043,00000000-0000-0000-0000-000000000000,AV,2828.3948706272636,1699.7273246739694,PIT
315979938.6621043,00000000-0000-0000-0000-000000018667,AGENT,2864.2198194800408,1732.7040705794489,PIT
315979938.6621043,00000000-0000-0000-0000-000000018759,OTHERS,2745.8579533810157,1622.412926626245,PIT
315979938.6621043,00000000-0000-0000-0000-000000018761,OTHERS,2784.659794698835,1656.266464589678,PIT
315979938.6621043,00000000-0000-0000-0000-000000018737,OTHERS,2824.479644712275,1701.0270258863754,PIT
315979938.6621043,00000000-0000-0000-0000-000000018758,OTHERS,2777.7011933754525,1631.8571814427362,PIT
315979938.6621043,00000000-0000-0000-0000-000000018755,OTHERS,2790.2010035684852,1666.16166052763,PIT
315979938.6621043,00000000-0000-0000-0000-000000018749,OTHERS,2838.7638298265656,1704.906187620738,PIT
315979938.76198924,00000000-0000-0000-0000-000000000000,AV,2827.802553571937,1699.198717854475,PIT
315979938.76198924,00000000-0000-0000-0000-000000018667,AGENT,2863.6584766484802,1732.2273330125065,PIT
315979938.76198924,00000000-0000-0000-0000-000000018761,OTHERS,2785.1490588499687,1656.509008343031,PIT
315979938.76198924,00000000-0000-0000-0000-000000018737,OTHERS,2824.377215372853,1700.9328996953823,PIT
315979938.76198924,00000000-0000-0000-0000-000000018758,OTHERS,2777.3441854690504,1632.4162422350596,PIT
315979938.76198924,00000000-0000-0000-0000-000000018759,OTHERS,2744.9523613934343,1621.6980527106589,PIT
315979938.76198924,00000000-0000-0000-0000-000000018755,OTHERS,2789.8105096977088,1665.8658945943548,PIT
315979938.76198924,00000000-0000-0000-0000-000000018749,OTHERS,2839.5594394560967,1705.6370971519705,PIT
315979938.86236256,00000000-0000-0000-0000-000000000000,AV,2827.1811146044306,1698.6318637737243,PIT
315979938.86236256,00000000-0000-0000-0000-000000018667,AGENT,2863.0396195562525,1731.825453190067,PIT
315979938.86236256,00000000-0000-0000-0000-000000018761,OTHERS,2785.506239536984,1656.7848072105999,PIT
315979938.86236256,00000000-0000-0000-0000-000000018737,OTHERS,2824.259694119909,1700.7865972122318,PIT
315979938.86236256,00000000-0000-0000-0000-000000018758,OTHERS,2776.8648730278105,1632.5382120783984,PIT
315979938.86236256,00000000-0000-0000-0000-000000018759,OTHERS,2744.3009364190007,1620.8403402467286,PIT
315979938.86236256,00000000-0000-0000-0000-000000018755,OTHERS,2789.4503758336077,1665.5960710437064,PIT
315979938.86236256,00000000-0000-0000-0000-000000018749,OTHERS,2840.370624093293,1706.3686215279583,PIT
315979938.9622728,00000000-0000-0000-0000-000000000000,AV,2826.488750132297,1698.0024227819629,PIT
315979938.9622728,00000000-0000-0000-0000-000000018667,AGENT,2862.7469473649544,1731.366459940812,PIT
315979938.9622728,00000000-0000-0000-0000-000000018761,OTHERS,2785.7200151447473,1657.0348106113872,PIT
315979938.9622728,00000000-0000-0000-0000-000000018737,OTHERS,2824.259694119909,1700.7865972122318,PIT
315979938.9622728,00000000-0000-0000-0000-000000018758,OTHERS,2776.8351481762325,1632.5705104808344,PIT
315979938.9622728,00000000-0000-0000-0000-000000018759,OTHERS,2743.5763595889653,1619.9053955077786,PIT
315979938.9622728,00000000-0000-0000-0000-000000018755,OTHERS,2789.139937878012,1665.3091437862035,PIT
315979938.9622728,00000000-0000-0000-0000-000000018749,OTHERS,2841.136740584035,1707.0763762963932,PIT
315979939.06212926,00000000-0000-0000-0000-000000000000,AV,2825.865661119666,1697.4362075064387,PIT
315979939.06212926,00000000-0000-0000-0000-000000018667,AGENT,2862.1655558193897,1730.7500778480191,PIT
315979939.06212926,00000000-0000-0000-0000-000000018759,OTHERS,2742.6587276149553,1619.3248122492166,PIT
315979939.06212926,00000000-0000-0000-0000-000000018761,OTHERS,2786.139579334202,1657.3171398523364,PIT
315979939.06212926,00000000-0000-0000-0000-000000018737,OTHERS,2824.079746009614,1700.4764301831326,PIT
315979939.06212926,00000000-0000-0000-0000-000000018758,OTHERS,2777.469608444821,1631.7386600105874,PIT
315979939.06212926,00000000-0000-0000-0000-000000018755,OTHERS,2788.882084934277,1665.0465301084325,PIT
315979939.06212926,00000000-0000-0000-0000-000000018749,OTHERS,2841.912343389181,1707.7777967977474,PIT
315979939.16195405,00000000-0000-0000-0000-000000000000,AV,2825.246426425992,1696.8730311834033,PIT
315979939.16195405,00000000-0000-0000-0000-000000018667,AGENT,2861.603182754581,1730.3461380751535,PIT
315979939.16195405,00000000-0000-0000-0000-000000018759,OTHERS,2741.945506165258,1618.581694416689,PIT
315979939.16195405,00000000-0000-0000-0000-000000018761,OTHERS,2786.52708042448,1657.7278881833124,PIT
315979939.16195405,00000000-0000-0000-0000-000000018737,OTHERS,2823.8815544146464,1700.4824492889318,PIT
315979939.16195405,00000000-0000-0000-0000-000000018758,OTHERS,2777.132992355705,1632.209137170798,PIT
315979939.16195405,00000000-0000-0000-0000-000000018755,OTHERS,2788.406198669573,1664.7836947946037,PIT
315979939.16195405,00000000-0000-0000-0000-000000018749,OTHERS,2842.675972227953,1708.5121640664509,PIT
315979939.2620751,00000000-0000-0000-0000-000000000000,AV,2824.630755828983,1696.3151370989906,PIT
315979939.2620751,00000000-0000-0000-0000-000000018667,AGENT,2861.151077008064,1729.9247500008014,PIT
315979939.2620751,00000000-0000-0000-0000-000000018759,OTHERS,2741.945506165258,1618.581694416689,PIT
315979939.2620751,00000000-0000-0000-0000-000000018761,OTHERS,2786.8251466601146,1658.1457553719274,PIT
315979939.2620751,00000000-0000-0000-0000-000000018737,OTHERS,2823.686083350168,1700.1537623485356,PIT
315979939.2620751,00000000-0000-0000-0000-000000018758,OTHERS,2777.128747194049,1632.4513554863433,PIT
315979939.2620751,00000000-0000-0000-0000-000000018755,OTHERS,2788.22422725027,1664.4380342148065,PIT
315979939.2620751,00000000-0000-0000-0000-000000018749,OTHERS,2843.4368820029044,1709.2613306654928,PIT
315979939.3627787,00000000-0000-0000-0000-000000000000,AV,2823.951238407579,1695.7013050216428,PIT
315979939.3627787,00000000-0000-0000-0000-000000018667,AGENT,2860.599620511068,1729.6421868298403,PIT
315979939.3627787,00000000-0000-0000-0000-000000018759,OTHERS,2740.249627032344,1617.153097105173,PIT
315979939.3627787,00000000-0000-0000-0000-000000018761,OTHERS,2787.4160214654744,1658.597295970553,PIT
315979939.3627787,00000000-0000-0000-0000-000000018737,OTHERS,2823.686083350168,1700.1537623485356,PIT
315979939.3627787,00000000-0000-0000-0000-000000018758,OTHERS,2777.605321581403,1631.8050105557118,PIT
315979939.3627787,00000000-0000-0000-0000-000000018755,OTHERS,2787.9145686761963,1664.1807487793787,PIT
315979939.3627787,00000000-0000-0000-0000-000000018749,OTHERS,2844.369788517688,1710.051560854841,PIT
315979939.4625848,00000000-0000-0000-0000-000000000000,AV,2823.3446425165503,1695.1508731835324,PIT
315979939.4625848,00000000-0000-0000-0000-000000018667,AGENT,2860.0289434474794,1728.9649287734067,PIT
315979939.4625848,00000000-0000-0000-0000-000000018759,OTHERS,2740.249627032344,1617.153097105173,PIT
315979939.4625848,00000000-0000-0000-0000-000000018761,OTHERS,2787.776358895652,1659.0225067316376,PIT
315979939.4625848,00000000-0000-0000-0000-000000018737,OTHERS,2823.6250908876314,1700.1074364394715,PIT
315979939.4625848,00000000-0000-0000-0000-000000018758,OTHERS,2777.8506045672807,1631.2759318229391,PIT
315979939.4625848,00000000-0000-0000-0000-000000018755,OTHERS,2787.5910818669677,1663.9209357852512,PIT
315979939.4625848,00000000-0000-0000-0000-000000018749,OTHERS,2844.9221770605373,1710.6301771124577,PIT
315979939.56229764,00000000-0000-0000-0000-000000000000,AV,2822.7414363113676,1694.6050279026153,PIT
315979939.56229764,00000000-0000-0000-0000-000000018667,AGENT,2859.6009586543128,1728.6458873403906,PIT
315979939.56229764,00000000-0000-0000-0000-000000018759,OTHERS,2738.659353306066,1615.4605983661102,PIT
315979939.56229764,00000000-0000-0000-0000-000000018761,OTHERS,2787.396291947276,1658.7571888500586,PIT
315979939.56229764,00000000-0000-0000-0000-000000018737,OTHERS,2823.5055921601233,1699.9631142963665,PIT
315979939.56229764,00000000-0000-0000-0000-000000018758,OTHERS,2777.784142568745,1631.78003106116,PIT
315979939.56229764,00000000-0000-0000-0000-000000018755,OTHERS,2787.313669901509,1663.6598305288744,PIT
315979939.56229764,00000000-0000-0000-0000-000000018749,OTHERS,2845.716739247601,1711.3469823068854,PIT
315979939.6622725,00000000-0000-0000-0000-000000000000,AV,2822.1495779188813,1694.0695126412572,PIT
315979939.6622725,00000000-0000-0000-0000-000000018667,AGENT,2859.2484518922724,1728.130986018851,PIT
315979939.6622725,00000000-0000-0000-0000-000000018759,OTHERS,2738.659353306066,1615.4605983661102,PIT
315979939.6622725,00000000-0000-0000-0000-000000018761,OTHERS,2787.8248533600126,1659.413116973814,PIT
315979939.6622725,00000000-0000-0000-0000-000000018737,OTHERS,2823.393110496002,1699.864731291411,PIT
315979939.6622725,00000000-0000-0000-0000-000000018758,OTHERS,2777.8417249395397,1631.2041035189193,PIT
315979939.6622725,00000000-0000-0000-0000-000000018755,OTHERS,2786.969013323677,1663.488877741678,PIT
315979939.6622725,00000000-0000-0000-0000-000000018749,OTHERS,2846.6693565344813,1712.241980473037,PIT
315979939.7618105,00000000-0000-0000-0000-000000000000,AV,2821.5013017217293,1693.4858156784046,PIT
315979939.7618105,00000000-0000-0000-0000-000000018667,AGENT,2859.2484518922724,1728.130986018851,PIT
315979939.7618105,00000000-0000-0000-0000-000000018759,OTHERS,2738.659353306066,1615.4605983661102,PIT
315979939.7618105,00000000-0000-0000-0000-000000018761,OTHERS,2788.425302962438,1660.0861630512625,PIT
315979939.7618105,00000000-0000-0000-0000-000000018737,OTHERS,2823.393110496002,1699.864731291411,PIT
315979939.7618105,00000000-0000-0000-0000-000000018758,OTHERS,2777.4255471168126,1631.455194649893,PIT
315979939.7618105,00000000-0000-0000-0000-000000018755,OTHERS,2786.6641970056207,1663.0487011968357,PIT
315979939.7618105,00000000-0000-0000-0000-000000018749,OTHERS,2847.326586679077,1712.8637434174518,PIT
315979939.8627313,00000000-0000-0000-0000-000000000000,AV,2820.921215858017,1692.9652386329722,PIT
315979939.8627313,00000000-0000-0000-0000-000000018667,AGENT,2858.782894961628,1727.8314067701847,PIT
315979939.8627313,00000000-0000-0000-0000-000000018759,OTHERS,2738.659353306066,1615.4605983661102,PIT
315979939.8627313,00000000-0000-0000-0000-000000018761,OTHERS,2788.9627604235634,1660.1450426152344,PIT
315979939.8627313,00000000-0000-0000-0000-000000018737,OTHERS,2823.1854577264503,1699.6762477034174,PIT
315979939.8627313,00000000-0000-0000-0000-000000018758,OTHERS,2777.2220581776137,1631.9433868591946,PIT
315979939.8627313,00000000-0000-0000-0000-000000018755,OTHERS,2786.466052902275,1662.8951293616992,PIT
315979939.8627313,00000000-0000-0000-0000-000000018749,OTHERS,2847.65902717377,1712.9818915978574,PIT
315979939.961645,00000000-0000-0000-0000-000000000000,AV,2820.354256025821,1692.4511364647656,PIT
315979939.961645,00000000-0000-0000-0000-000000018749,OTHERS,2848.5046702595746,1713.8165136428463,PIT
315979939.961645,00000000-0000-0000-0000-000000018755,OTHERS,2786.1548727454515,1662.6049347471155,PIT
315979939.961645,00000000-0000-0000-0000-000000018737,OTHERS,2823.066421334763,1699.5715680094738,PIT
315979939.961645,00000000-0000-0000-0000-000000018761,OTHERS,2789.3879663973107,1660.7721663289733,PIT
315979939.961645,00000000-0000-0000-0000-000000018667,AGENT,2857.3506174404656,1726.704900867381,PIT
315979939.961645,00000000-0000-0000-0000-000000018758,OTHERS,2777.3202194767664,1631.8818872521142,PIT
315979940.0619942,00000000-0000-0000-0000-000000000000,AV,2819.7976021311515,1691.9521857025784,PIT
315979940.0619942,00000000-0000-0000-0000-000000018667,AGENT,2856.8136388217185,1726.2868926983804,PIT
315979940.0619942,00000000-0000-0000-0000-000000018761,OTHERS,2789.672000591421,1660.7742206121925,PIT
315979940.0619942,00000000-0000-0000-0000-000000018737,OTHERS,2823.066421334763,1699.5715680094738,PIT
315979940.0619942,00000000-0000-0000-0000-000000018758,OTHERS,2777.7665315295812,1631.0249974310445,PIT
315979940.0619942,00000000-0000-0000-0000-000000018755,OTHERS,2785.82715230771,1662.3513358952173,PIT
315979940.0619942,00000000-0000-0000-0000-000000018749,OTHERS,2849.209827654167,1714.503583115868,PIT
315979940.16275096,00000000-0000-0000-0000-000000000000,AV,2819.182537056093,1691.40528469294,PIT
315979940.16275096,00000000-0000-0000-0000-000000018667,AGENT,2856.5876357672355,1725.974226406645,PIT
315979940.16275096,00000000-0000-0000-0000-000000018761,OTHERS,2790.076208101212,1661.2145081686056,PIT
315979940.16275096,00000000-0000-0000-0000-000000018737,OTHERS,2822.8101313952816,1699.334595315089,PIT
315979940.16275096,00000000-0000-0000-0000-000000018758,OTHERS,2777.6034382250427,1631.7360702088697,PIT
315979940.16275096,00000000-0000-0000-0000-000000018755,OTHERS,2785.580008516656,1662.0740547553214,PIT
315979940.16275096,00000000-0000-0000-0000-000000018749,OTHERS,2850.0341063281226,1715.2060251683895,PIT
315979940.2619314,00000000-0000-0000-0000-000000000000,AV,2818.631863093837,1690.9158893445688,PIT
315979940.2619314,00000000-0000-0000-0000-000000018667,AGENT,2856.5876357672355,1725.974226406645,PIT
315979940.2619314,00000000-0000-0000-0000-000000018761,OTHERS,2790.5375180039205,1661.6390556593094,PIT
315979940.2619314,00000000-0000-0000-0000-000000018737,OTHERS,2822.6780533611072,1699.250199446784,PIT
315979940.2619314,00000000-0000-0000-0000-000000018758,OTHERS,2777.7246665642188,1631.7300960009145,PIT
315979940.2619314,00000000-0000-0000-0000-000000018755,OTHERS,2785.287584947468,1661.798139036716,PIT
315979940.2619314,00000000-0000-0000-0000-000000018749,OTHERS,2850.738726588681,1715.8507080228644,PIT
315979940.3623536,00000000-0000-0000-0000-000000000000,AV,2818.086628815817,1690.4346971735986,PIT
315979940.3623536,00000000-0000-0000-0000-000000018667,AGENT,2856.5876357672355,1725.974226406645,PIT
315979940.3623536,00000000-0000-0000-0000-000000018761,OTHERS,2790.9570953304187,1662.0557713894855,PIT
315979940.3623536,00000000-0000-0000-0000-000000018737,OTHERS,2822.5476011997266,1699.1484080817074,PIT
315979940.3623536,00000000-0000-0000-0000-000000018758,OTHERS,2777.5351581872123,1631.5150790203304,PIT
315979940.3623536,00000000-0000-0000-0000-000000018755,OTHERS,2784.9944308396284,1661.6479114345545,PIT
315979940.3623536,00000000-0000-0000-0000-000000018749,OTHERS,2851.5829046682124,1716.6352294075712,PIT
315979940.46217406,00000000-0000-0000-0000-000000000000,AV,2817.544581473114,1689.9654833449786,PIT
315979940.46217406,00000000-0000-0000-0000-000000018667,AGENT,2855.3018359792554,1724.6708687714379,PIT
315979940.46217406,00000000-0000-0000-0000-000000018761,OTHERS,2791.494412929749,1662.4675858761825,PIT
315979940.46217406,00000000-0000-0000-0000-000000018737,OTHERS,2822.5476011997266,1699.1484080817074,PIT
315979940.46217406,00000000-0000-0000-0000-000000018758,OTHERS,2777.431150058114,1631.8590875228501,PIT
315979940.46217406,00000000-0000-0000-0000-000000018766,OTHERS,2731.1045802716776,1608.2549187859215,PIT
315979940.46217406,00000000-0000-0000-0000-000000018755,OTHERS,2784.8219493405127,1661.461617487105,PIT
315979940.46217406,00000000-0000-0000-0000-000000018749,OTHERS,2852.3074686720674,1717.3827081647546,PIT
315979940.56253594,00000000-0000-0000-0000-000000000000,AV,2816.9517411162306,1689.4500742520527,PIT
315979940.56253594,00000000-0000-0000-0000-000000018667,AGENT,2854.791015403746,1724.3692849458675,PIT
315979940.56253594,00000000-0000-0000-0000-000000018761,OTHERS,2791.907917088864,1662.7635430441492,PIT
315979940.56253594,00000000-0000-0000-0000-000000018737,OTHERS,2822.413241033042,1698.8290485829525,PIT
315979940.56253594,00000000-0000-0000-0000-000000018758,OTHERS,2777.407007456791,1631.5230758444427,PIT
315979940.56253594,00000000-0000-0000-0000-000000018766,OTHERS,2731.1045802716776,1608.2549187859215,PIT
315979940.56253594,00000000-0000-0000-0000-000000018755,OTHERS,2784.434792257718,1661.1562154385267,PIT
315979940.56253594,00000000-0000-0000-0000-000000018749,OTHERS,2853.0764281758184,1717.9388439294714,PIT
315979940.66336614,00000000-0000-0000-0000-000000000000,AV,2816.41798644508,1688.9888395844157,PIT
315979940.66336614,00000000-0000-0000-0000-000000018667,AGENT,2854.06106913928,1723.7352345925458,PIT
315979940.66336614,00000000-0000-0000-0000-000000018761,OTHERS,2792.3940724072772,1663.2128046084167,PIT
315979940.66336614,00000000-0000-0000-0000-000000018737,OTHERS,2822.413241033042,1698.8290485829525,PIT
315979940.66336614,00000000-0000-0000-0000-000000018758,OTHERS,2777.445994827449,1631.4203791787809,PIT
315979940.66336614,00000000-0000-0000-0000-000000018766,OTHERS,2729.232368695993,1606.8394708197284,PIT
315979940.66336614,00000000-0000-0000-0000-000000018755,OTHERS,2784.085851156545,1660.9242508792768,PIT
315979940.66336614,00000000-0000-0000-0000-000000018749,OTHERS,2853.755871785844,1718.8120226854064,PIT
315979940.76271635,00000000-0000-0000-0000-000000000000,AV,2815.882699410794,1688.53473636826,PIT
315979940.76271635,00000000-0000-0000-0000-000000018667,AGENT,2853.58939052605,1723.5585399907156,PIT
315979940.76271635,00000000-0000-0000-0000-000000018761,OTHERS,2792.9806538479634,1663.7475060700174,PIT
315979940.76271635,00000000-0000-0000-0000-000000018737,OTHERS,2822.413241033042,1698.8290485829525,PIT
315979940.76271635,00000000-0000-0000-0000-000000018758,OTHERS,2777.589441516829,1631.3507881452076,PIT
315979940.76271635,00000000-0000-0000-0000-000000018766,OTHERS,2729.232368695993,1606.8394708197284,PIT
315979940.76271635,00000000-0000-0000-0000-000000018755,OTHERS,2783.872532240723,1660.6478862274869,PIT
315979940.76271635,00000000-0000-0000-0000-000000018749,OTHERS,2854.5961132215552,1719.4090835651718,PIT
315979940.86285967,00000000-0000-0000-0000-000000000000,AV,2815.3017895182234,1688.042849554361,PIT
315979940.86285967,00000000-0000-0000-0000-000000018667,AGENT,2853.258606277045,1723.001092525068,PIT
315979940.86285967,00000000-0000-0000-0000-000000018749,OTHERS,2855.278579535144,1720.2726303886843,PIT
315979940.86285967,00000000-0000-0000-0000-000000018761,OTHERS,2793.3982573812,1664.2161843222652,PIT
315979940.86285967,00000000-0000-0000-0000-000000018737,OTHERS,2822.108091557571,1698.726568118315,PIT
315979940.86285967,00000000-0000-0000-0000-000000018758,OTHERS,2777.3575010755108,1631.4457161835098,PIT
315979940.86285967,00000000-0000-0000-0000-000000018766,OTHERS,2729.232368695993,1606.8394708197284,PIT
315979940.86285967,00000000-0000-0000-0000-000000018755,OTHERS,2783.5973042016,1660.3989708248455,PIT
315979940.96279764,00000000-0000-0000-0000-000000000000,AV,2814.780298720464,1687.595931253073,PIT
315979940.96279764,00000000-0000-0000-0000-000000018667,AGENT,2852.515925818229,1722.621326749507,PIT
315979940.96279764,00000000-0000-0000-0000-000000018749,OTHERS,2855.988321626702,1720.8754544858664,PIT
315979940.96279764,00000000-0000-0000-0000-000000018761,OTHERS,2794.2004784989585,1664.7729700136315,PIT
315979940.96279764,00000000-0000-0000-0000-000000018737,OTHERS,2822.108091557571,1698.726568118315,PIT
315979940.96279764,00000000-0000-0000-0000-000000018758,OTHERS,2777.5385468666664,1631.6727012262893,PIT
315979940.96279764,00000000-0000-0000-0000-000000018766,OTHERS,2729.232368695993,1606.8394708197284,PIT
315979940.96279764,00000000-0000-0000-0000-000000018755,OTHERS,2783.209937733449,1660.1124712746844,PIT
315979941.06234413,00000000-0000-0000-0000-000000000000,AV,2814.2591018241633,1687.155314603691,PIT
315979941.06234413,00000000-0000-0000-0000-000000018749,OTHERS,2856.761306731093,1721.347006724235,PIT
315979941.06234413,00000000-0000-0000-0000-000000018755,OTHERS,2783.0684309912676,1659.9199981156244,PIT
315979941.06234413,00000000-0000-0000-0000-000000018667,AGENT,2852.3233053397357,1722.3526611469465,PIT
315979941.06234413,00000000-0000-0000-0000-000000018758,OTHERS,2777.84951219554,1631.2970016873435,PIT
315979941.06234413,00000000-0000-0000-0000-000000018761,OTHERS,2794.444331139626,1664.976321417709,PIT
315979941.1627331,00000000-0000-0000-0000-000000000000,AV,2813.737108402815,1686.7181212672288,PIT
315979941.1627331,00000000-0000-0000-0000-000000018667,AGENT,2851.7021850859587,1721.5753576206714,PIT
315979941.1627331,00000000-0000-0000-0000-000000018761,OTHERS,2794.9126575467308,1665.305453761424,PIT
315979941.1627331,00000000-0000-0000-0000-000000018758,OTHERS,2777.280295702163,1631.8902629922532,PIT
315979941.1627331,00000000-0000-0000-0000-000000018755,OTHERS,2782.753205007021,1659.6571705116367,PIT
315979941.1627331,00000000-0000-0000-0000-000000018749,OTHERS,2857.314717879516,1722.2591571157095,PIT
315979941.2627517,00000000-0000-0000-0000-000000000000,AV,2813.168285487745,1686.2426217193804,PIT
315979941.2627517,00000000-0000-0000-0000-000000018667,AGENT,2851.266893196501,1721.0766518868,PIT
315979941.2627517,00000000-0000-0000-0000-000000018770,OTHERS,2724.168249894623,1602.1066194046045,PIT
315979941.2627517,00000000-0000-0000-0000-000000018755,OTHERS,2782.497622960844,1659.5169029917727,PIT
315979941.2627517,00000000-0000-0000-0000-000000018749,OTHERS,2858.077815230589,1723.1049572873817,PIT
315979941.2627517,00000000-0000-0000-0000-000000018761,OTHERS,2795.329194848337,1665.7532169795554,PIT
315979941.2627517,00000000-0000-0000-0000-000000018758,OTHERS,2777.3665666984834,1631.345226844086,PIT
315979941.36297965,00000000-0000-0000-0000-000000000000,AV,2812.654701134365,1685.8119155639115,PIT
315979941.36297965,00000000-0000-0000-0000-000000018749,OTHERS,2859.1152282864073,1723.6208264015875,PIT
315979941.36297965,00000000-0000-0000-0000-000000018755,OTHERS,2782.2462739586626,1659.139122349689,PIT
315979941.36297965,00000000-0000-0000-0000-000000018667,AGENT,2850.806923282955,1720.7024733408593,PIT
315979941.36297965,00000000-0000-0000-0000-000000018770,OTHERS,2723.383556245681,1601.3789569424137,PIT
315979941.36297965,00000000-0000-0000-0000-000000018761,OTHERS,2795.8817122241085,1666.1500156953473,PIT
315979941.36297965,00000000-0000-0000-0000-000000018758,OTHERS,2777.5769616366856,1631.345924159042,PIT
315979941.46278936,00000000-0000-0000-0000-000000000000,AV,2812.140982565276,1685.3882076369089,PIT
315979941.46278936,00000000-0000-0000-0000-000000018749,OTHERS,2859.617533316001,1724.3958304204673,PIT
315979941.46278936,00000000-0000-0000-0000-000000018755,OTHERS,2781.860174639082,1658.9159170522705,PIT
315979941.46278936,00000000-0000-0000-0000-000000018667,AGENT,2850.806923282955,1720.7024733408593,PIT
315979941.46278936,00000000-0000-0000-0000-000000018773,OTHERS,2821.214426919976,1697.7119024596655,PIT
315979941.46278936,00000000-0000-0000-0000-000000018770,OTHERS,2723.383556245681,1601.3789569424137,PIT
315979941.46278936,00000000-0000-0000-0000-000000018761,OTHERS,2796.563077721112,1666.7019951557986,PIT
315979941.46278936,00000000-0000-0000-0000-000000018758,OTHERS,2777.485295048223,1631.5539494454727,PIT
315979941.56276274,00000000-0000-0000-0000-000000000000,AV,2811.637392414914,1684.9698211121286,PIT
315979941.56276274,00000000-0000-0000-0000-000000018749,OTHERS,2860.1998776235305,1725.1292545979431,PIT
315979941.56276274,00000000-0000-0000-0000-000000018755,OTHERS,2781.657001453137,1658.6674976121462,PIT
315979941.56276274,00000000-0000-0000-0000-000000018667,AGENT,2849.8520091251776,1719.9673358531268,PIT
315979941.56276274,00000000-0000-0000-0000-000000018773,OTHERS,2821.214426919976,1697.7119024596655,PIT
315979941.56276274,00000000-0000-0000-0000-000000018770,OTHERS,2723.383556245681,1601.3789569424137,PIT
315979941.56276274,00000000-0000-0000-0000-000000018761,OTHERS,2797.0866703217107,1666.9794010556507,PIT
315979941.56276274,00000000-0000-0000-0000-000000018758,OTHERS,2777.5772909404523,1631.607626658542,PIT
315979941.66332203,00000000-0000-0000-0000-000000000000,AV,2811.0896755642216,1684.5078190426404,PIT
315979941.66332203,00000000-0000-0000-0000-000000018749,OTHERS,2861.100704589017,1725.8106460904478,PIT
315979941.66332203,00000000-0000-0000-0000-000000018667,AGENT,2849.181148075789,1719.5971425513346,PIT
315979941.66332203,00000000-0000-0000-0000-000000018773,OTHERS,2821.214426919976,1697.7119024596655,PIT
315979941.66332203,00000000-0000-0000-0000-000000018770,OTHERS,2723.383556245681,1601.3789569424137,PIT
315979941.66332203,00000000-0000-0000-0000-000000018761,OTHERS,2797.758105629067,1667.60133988852,PIT
315979941.66332203,00000000-0000-0000-0000-000000018758,OTHERS,2777.468545169582,1631.9776289604529,PIT
315979941.66332203,00000000-0000-0000-0000-000000018755,OTHERS,2781.3927824772118,1658.3314384750934,PIT
315979941.7628926,00000000-0000-0000-0000-000000000000,AV,2810.594099137013,1684.0904691362848,PIT
315979941.7628926,00000000-0000-0000-0000-000000018749,OTHERS,2861.607921159161,1726.4079679332654,PIT
315979941.7628926,00000000-0000-0000-0000-000000018667,AGENT,2848.748915765796,1719.187465099064,PIT
315979941.7628926,00000000-0000-0000-0000-000000018773,OTHERS,2820.925602145493,1697.6702468054984,PIT
315979941.7628926,00000000-0000-0000-0000-000000018761,OTHERS,2798.0228980084703,1667.7748910472476,PIT
315979941.7628926,00000000-0000-0000-0000-000000018758,OTHERS,2777.2623124802217,1631.9315417618172,PIT
315979941.7628926,00000000-0000-0000-0000-000000018755,OTHERS,2781.163451189104,1657.9819566799185,PIT
315979941.8633538,00000000-0000-0000-0000-000000000000,AV,2810.0898051481163,1683.6685921804626,PIT
315979941.8633538,00000000-0000-0000-0000-000000018749,OTHERS,2862.2540197807275,1727.252736212339,PIT
315979941.8633538,00000000-0000-0000-0000-000000018755,OTHERS,2780.8424497471806,1657.847608320644,PIT
315979941.8633538,00000000-0000-0000-0000-000000018761,OTHERS,2798.5890481857937,1668.2114847497155,PIT
315979941.8633538,00000000-0000-0000-0000-000000018667,AGENT,2848.5762358974603,1718.748484328743,PIT
315979941.8633538,00000000-0000-0000-0000-000000018773,OTHERS,2820.925602145493,1697.6702468054984,PIT
315979941.8633538,00000000-0000-0000-0000-000000018758,OTHERS,2777.5192501885967,1631.3738325691559,PIT
315979941.96288294,00000000-0000-0000-0000-000000000000,AV,2809.595698512289,1683.2519670313422,PIT
315979941.96288294,00000000-0000-0000-0000-000000018749,OTHERS,2863.0018695995063,1727.6449995556804,PIT
315979941.96288294,00000000-0000-0000-0000-000000018755,OTHERS,2780.6464006618353,1657.5563426894507,PIT
315979941.96288294,00000000-0000-0000-0000-000000018761,OTHERS,2799.1016046567133,1668.636121434147,PIT
315979941.96288294,00000000-0000-0000-0000-000000018667,AGENT,2847.637036298653,1718.0849090180975,PIT
315979941.96288294,00000000-0000-0000-0000-000000018773,OTHERS,2820.578273348451,1697.2592251164208,PIT
315979941.96288294,00000000-0000-0000-0000-000000018758,OTHERS,2777.4360676567494,1631.3365548345434,PIT
315979942.06289613,00000000-0000-0000-0000-000000000000,AV,2809.0480298854222,1682.787307181901,PIT
315979942.06289613,00000000-0000-0000-0000-000000018749,OTHERS,2863.6614579426137,1728.6264374391144,PIT
315979942.06289613,00000000-0000-0000-0000-000000018761,OTHERS,2799.667161493361,1669.0510009854447,PIT
315979942.06289613,00000000-0000-0000-0000-000000018667,AGENT,2847.6458312798964,1717.9153658114933,PIT
315979942.06289613,00000000-0000-0000-0000-000000018773,OTHERS,2820.578273348451,1697.2592251164208,PIT
315979942.06289613,00000000-0000-0000-0000-000000018758,OTHERS,2777.631576346057,1631.3784352820167,PIT
315979942.06289613,00000000-0000-0000-0000-000000018755,OTHERS,2780.3501686656764,1657.1254490361014,PIT
315979942.1643835,00000000-0000-0000-0000-000000000000,AV,2808.558547608343,1682.3702620440063,PIT
315979942.1643835,00000000-0000-0000-0000-000000018749,OTHERS,2864.1342181424684,1729.1722182675119,PIT
315979942.1643835,00000000-0000-0000-0000-000000018761,OTHERS,2800.2259704739367,1669.4952482324115,PIT
315979942.1643835,00000000-0000-0000-0000-000000018667,AGENT,2846.8975099515346,1717.3076390642034,PIT
315979942.1643835,00000000-0000-0000-0000-000000018773,OTHERS,2820.467139015625,1697.2297990039483,PIT
315979942.1643835,00000000-0000-0000-0000-000000018758,OTHERS,2777.7180639901367,1631.366948505989,PIT
315979942.1643835,00000000-0000-0000-0000-000000018755,OTHERS,2780.0502426905487,1656.9393951565844,PIT
315979942.26343673,00000000-0000-0000-0000-000000000000,AV,2808.0703540309623,1681.9542972799645,PIT
315979942.26343673,00000000-0000-0000-0000-000000018749,OTHERS,2864.669271365077,1730.0065537090063,PIT
315979942.26343673,00000000-0000-0000-0000-000000018776,OTHERS,2754.2900054959587,1625.4919580941746,PIT
315979942.26343673,00000000-0000-0000-0000-000000018761,OTHERS,2800.7636309216227,1669.9336423614366,PIT
315979942.26343673,00000000-0000-0000-0000-000000018667,AGENT,2846.7639175652253,1716.9643647841103,PIT
315979942.26343673,00000000-0000-0000-0000-000000018773,OTHERS,2820.298345720797,1696.9976073289733,PIT
315979942.26343673,00000000-0000-0000-0000-000000018758,OTHERS,2777.401403557001,1631.727410891313,PIT
315979942.26343673,00000000-0000-0000-0000-000000018755,OTHERS,2779.782423967557,1656.476948998587,PIT
315979942.36307585,00000000-0000-0000-0000-000000000000,AV,2807.587744700689,1681.5407623244755,PIT
315979942.36307585,00000000-0000-0000-0000-000000018749,OTHERS,2865.3676719053856,1730.4549891659478,PIT
315979942.36307585,00000000-0000-0000-0000-000000018776,OTHERS,2754.7804713715973,1625.9968254043515,PIT
315979942.36307585,00000000-0000-0000-0000-000000018761,OTHERS,2801.2871171192537,1670.3148369329895,PIT
315979942.36307585,00000000-0000-0000-0000-000000018667,AGENT,2846.0762686021008,1716.3627929968084,PIT
315979942.36307585,00000000-0000-0000-0000-000000018773,OTHERS,2820.298345720797,1696.9976073289733,PIT
315979942.36307585,00000000-0000-0000-0000-000000018758,OTHERS,2777.4624797783367,1631.2835605444945,PIT
315979942.36307585,00000000-0000-0000-0000-000000018755,OTHERS,2779.5054460439287,1656.307550489256,PIT
315979942.4641332,00000000-0000-0000-0000-000000000000,AV,2807.050343306427,1681.0816195011694,PIT
315979942.4641332,00000000-0000-0000-0000-000000018749,OTHERS,2865.3676719053856,1730.4549891659478,PIT
315979942.4641332,00000000-0000-0000-0000-000000018776,OTHERS,2755.261772539,1626.2533399357453,PIT
315979942.4641332,00000000-0000-0000-0000-000000018761,OTHERS,2801.8301389978083,1670.7453772567997,PIT
315979942.4641332,00000000-0000-0000-0000-000000018667,AGENT,2845.645245598556,1716.000391961449,PIT
315979942.4641332,00000000-0000-0000-0000-000000018773,OTHERS,2820.298345720797,1696.9976073289733,PIT
315979942.4641332,00000000-0000-0000-0000-000000018758,OTHERS,2777.5719030160017,1631.1291601123444,PIT
315979942.4641332,00000000-0000-0000-0000-000000018755,OTHERS,2779.2517254598265,1655.9181966631872,PIT
315979942.56392527,00000000-0000-0000-0000-000000000000,AV,2806.569583359935,1680.6655488619665,PIT
315979942.56392527,00000000-0000-0000-0000-000000018667,AGENT,2845.1889294677253,1715.7154320766892,PIT
315979942.56392527,00000000-0000-0000-0000-000000018773,OTHERS,2820.129623309849,1696.6771820185888,PIT
315979942.56392527,00000000-0000-0000-0000-000000018776,OTHERS,2755.6141278308587,1626.7986234449252,PIT
315979942.56392527,00000000-0000-0000-0000-000000018761,OTHERS,2802.4286035190803,1671.2590197113254,PIT
315979942.56392527,00000000-0000-0000-0000-000000018758,OTHERS,2777.5081960353496,1631.2225268894715,PIT
315979942.56392527,00000000-0000-0000-0000-000000018755,OTHERS,2778.950064021505,1655.5886918667968,PIT
315979942.56392527,00000000-0000-0000-0000-000000018749,OTHERS,2865.3676719053856,1730.4549891659478,PIT
315979942.6638118,00000000-0000-0000-0000-000000000000,AV,2806.086420977189,1680.2448781870426,PIT
315979942.6638118,00000000-0000-0000-0000-000000018667,AGENT,2844.748904154797,1715.1155623545974,PIT
315979942.6638118,00000000-0000-0000-0000-000000018773,OTHERS,2819.936787505921,1696.3336687553174,PIT
315979942.6638118,00000000-0000-0000-0000-000000018776,OTHERS,2756.135588271634,1626.8681645003708,PIT
315979942.6638118,00000000-0000-0000-0000-000000018761,OTHERS,2802.9725653749188,1671.6678743195816,PIT
315979942.6638118,00000000-0000-0000-0000-000000018758,OTHERS,2777.574615315657,1631.074643957559,PIT
315979942.6638118,00000000-0000-0000-0000-000000018755,OTHERS,2778.6194473409005,1655.3466387741096,PIT
315979942.6638118,00000000-0000-0000-0000-000000018749,OTHERS,2865.3676719053856,1730.4549891659478,PIT
315979942.763115,00000000-0000-0000-0000-000000000000,AV,2805.604544962565,1679.8274308532125,PIT
315979942.763115,00000000-0000-0000-0000-000000018776,OTHERS,2756.450157395769,1627.4014825655288,PIT
315979942.763115,00000000-0000-0000-0000-000000018761,OTHERS,2803.430649626552,1672.0947286544815,PIT
315979942.763115,00000000-0000-0000-0000-000000018758,OTHERS,2777.654290944657,1631.377584117094,PIT
315979942.763115,00000000-0000-0000-0000-000000018667,AGENT,2844.748904154797,1715.1155623545974,PIT
315979942.763115,00000000-0000-0000-0000-000000018773,OTHERS,2819.936787505921,1696.3336687553174,PIT
315979942.763115,00000000-0000-0000-0000-000000018755,OTHERS,2778.313574225664,1655.0081092658172,PIT
315979942.8636547,00000000-0000-0000-0000-000000000000,AV,2805.067993577087,1679.3631378204905,PIT
315979942.8636547,00000000-0000-0000-0000-000000018755,OTHERS,2778.035067133483,1654.5854703222033,PIT
315979942.8636547,00000000-0000-0000-0000-000000018780,OTHERS,2868.2998253694263,1733.5586981431754,PIT
315979942.8636547,00000000-0000-0000-0000-000000018758,OTHERS,2777.5046990435985,1631.5367478291737,PIT
315979942.8636547,00000000-0000-0000-0000-000000018667,AGENT,2843.8812135086064,1714.2027530190928,PIT
315979942.8636547,00000000-0000-0000-0000-000000018773,OTHERS,2819.936787505921,1696.3336687553174,PIT
315979942.8636547,00000000-0000-0000-0000-000000018776,OTHERS,2756.7968178781566,1627.7623595962375,PIT
315979942.8636547,00000000-0000-0000-0000-000000018761,OTHERS,2804.018759103028,1672.5994826333042,PIT
315979942.96374685,00000000-0000-0000-0000-000000000000,AV,2804.580810252358,1678.9385545784548,PIT
315979942.96374685,00000000-0000-0000-0000-000000018755,OTHERS,2777.7608661633417,1654.3864107029694,PIT
315979942.96374685,00000000-0000-0000-0000-000000018780,OTHERS,2868.829803386053,1734.0020670210627,PIT
315979942.96374685,00000000-0000-0000-0000-000000018758,OTHERS,2777.6519618984394,1631.005958410921,PIT
315979942.96374685,00000000-0000-0000-0000-000000018667,AGENT,2843.8812135086064,1714.2027530190928,PIT
315979942.96374685,00000000-0000-0000-0000-000000018773,OTHERS,2819.936787505921,1696.3336687553174,PIT
315979942.96374685,00000000-0000-0000-0000-000000018776,OTHERS,2757.234545937077,1628.0384263583576,PIT
315979942.96374685,00000000-0000-0000-0000-000000018761,OTHERS,2804.613237921549,1673.1432231057386,PIT
315979943.0635383,00000000-0000-0000-0000-000000000000,AV,2804.0879092420164,1678.5072416175408,PIT
315979943.0635383,00000000-0000-0000-0000-000000018755,OTHERS,2777.408828164717,1653.974605451247,PIT
315979943.0635383,00000000-0000-0000-0000-000000018758,OTHERS,2777.280866607685,1631.3610796115072,PIT
315979943.0635383,00000000-0000-0000-0000-000000018667,AGENT,2843.0630521481817,1713.4973574625446,PIT
315979943.0635383,00000000-0000-0000-0000-000000018773,OTHERS,2819.404051627812,1696.1155799443577,PIT
315979943.0635383,00000000-0000-0000-0000-000000018780,OTHERS,2868.829803386053,1734.0020670210627,PIT
315979943.0635383,00000000-0000-0000-0000-000000018776,OTHERS,2757.520461403601,1628.4195221487125,PIT
315979943.0635383,00000000-0000-0000-0000-000000018761,OTHERS,2805.1019163472606,1673.517535211586,PIT
315979943.1637344,00000000-0000-0000-0000-000000000000,AV,2803.550853120564,1678.0356112677914,PIT
315979943.1637344,00000000-0000-0000-0000-000000018755,OTHERS,2777.146878308369,1653.7579424695105,PIT
315979943.1637344,00000000-0000-0000-0000-000000018758,OTHERS,2777.693056202016,1631.1513054185552,PIT
315979943.1637344,00000000-0000-0000-0000-000000018667,AGENT,2842.3436424150354,1713.1153894090764,PIT
315979943.1637344,00000000-0000-0000-0000-000000018773,OTHERS,2819.2006585288163,1696.0627037779218,PIT
315979943.1637344,00000000-0000-0000-0000-000000018780,OTHERS,2869.9720392232375,1735.1121601902505,PIT
315979943.1637344,00000000-0000-0000-0000-000000018776,OTHERS,2757.90566762603,1628.7526504050436,PIT
315979943.1637344,00000000-0000-0000-0000-000000018761,OTHERS,2805.5835404784334,1673.988440539699,PIT
315979943.2635328,00000000-0000-0000-0000-000000000000,AV,2803.0546915785144,1677.6000025862686,PIT
315979943.2635328,00000000-0000-0000-0000-000000018755,OTHERS,2776.743277737157,1653.3848537839267,PIT
315979943.2635328,00000000-0000-0000-0000-000000018780,OTHERS,2869.9720392232375,1735.1121601902505,PIT
315979943.2635328,00000000-0000-0000-0000-000000018758,OTHERS,2777.600229811856,1631.0962153512078,PIT
315979943.2635328,00000000-0000-0000-0000-000000018776,OTHERS,2757.965091312417,1629.1764631418152,PIT
315979943.2635328,00000000-0000-0000-0000-000000018761,OTHERS,2806.195049074804,1674.5655533807874,PIT
315979943.2635328,00000000-0000-0000-0000-000000018667,AGENT,2841.954052580101,1712.8510028345252,PIT
315979943.2635328,00000000-0000-0000-0000-000000018773,OTHERS,2819.2006585288163,1696.0627037779218,PIT
315979943.3637935,00000000-0000-0000-0000-000000000000,AV,2802.565186297993,1677.169545500146,PIT
315979943.3637935,00000000-0000-0000-0000-000000018776,OTHERS,2758.457076888714,1629.2109450755695,PIT
315979943.3637935,00000000-0000-0000-0000-000000018761,OTHERS,2806.59911889892,1674.9324533971976,PIT
315979943.3637935,00000000-0000-0000-0000-000000018780,OTHERS,2871.065022154836,1736.1514966430527,PIT
315979943.3637935,00000000-0000-0000-0000-000000018758,OTHERS,2777.660056836242,1631.0229934765466,PIT
315979943.3637935,00000000-0000-0000-0000-000000018667,AGENT,2841.3339205459242,1712.2228199553708,PIT
315979943.3637935,00000000-0000-0000-0000-000000018773,OTHERS,2819.2006585288163,1696.0627037779218,PIT
315979943.3637935,00000000-0000-0000-0000-000000018755,OTHERS,2776.4023945943322,1653.0597799730415,PIT
315979943.4641049,00000000-0000-0000-0000-000000000000,AV,2802.072275768999,1676.7361776911484,PIT
315979943.4641049,00000000-0000-0000-0000-000000018776,OTHERS,2758.6731281837374,1629.5094406330813,PIT
315979943.4641049,00000000-0000-0000-0000-000000018761,OTHERS,2806.9807542657763,1675.3394712694912,PIT
315979943.4641049,00000000-0000-0000-0000-000000018780,OTHERS,2871.459564996184,1736.8622021785031,PIT
315979943.4641049,00000000-0000-0000-0000-000000018758,OTHERS,2777.7777485397114,1630.8393007861498,PIT
315979943.4641049,00000000-0000-0000-0000-000000018667,AGENT,2840.9597561776563,1711.6877243287986,PIT
315979943.4641049,00000000-0000-0000-0000-000000018773,OTHERS,2819.052506227884,1695.724069606439,PIT
315979943.4641049,00000000-0000-0000-0000-000000018755,OTHERS,2776.117002607797,1652.7811638410474,PIT
315979943.5647156,00000000-0000-0000-0000-000000000000,AV,2801.529764573206,1676.258110777835,PIT
315979943.5647156,00000000-0000-0000-0000-000000018776,OTHERS,2758.9284963686864,1629.7261377679156,PIT
315979943.5647156,00000000-0000-0000-0000-000000018761,OTHERS,2807.707300261432,1675.8375370888932,PIT
315979943.5647156,00000000-0000-0000-0000-000000018780,OTHERS,2871.6995580244625,1737.3782384372712,PIT
315979943.5647156,00000000-0000-0000-0000-000000018758,OTHERS,2777.758814400197,1630.9170997961864,PIT
315979943.5647156,00000000-0000-0000-0000-000000018667,AGENT,2840.413268851172,1711.1718261771887,PIT
315979943.5647156,00000000-0000-0000-0000-000000018773,OTHERS,2818.6775521213262,1695.7106726802406,PIT
315979943.5647156,00000000-0000-0000-0000-000000018755,OTHERS,2775.7265153224475,1652.4398993668897,PIT
